1	476.84675000000124
10	710.794250000004
100	2485.0612500000047
1000	2067.497499999997
1001	793.6872499999963
1002	127.68949999999681
1003	1534.0987499999978
1004	799.9537499999973
1005	477.7732499999988
1006	418.7782500000002
1007	741.4665000000005
1008	3749.947249999985
1009	148.4084999999981
101	818.982000000001
1010	1342.3307500000044
1011	898.5130000000013
1012	2081.7372499999883
1013	1876.1202500000002
1014	2213.9877499999893
1015	805.3335000000011
1016	698.2817500000031
1017	1524.5325000000043
1018	490.63600000000156
1019	306.95549999999855
102	632.8492500000016
1020	2330.2385000000045
1021	446.64025000000066
1022	393.50124999999844
1023	1003.621
1024	2176.957000000001
1025	1936.223750000003
1026	937.1012499999972
1027	379.42075000000125
1028	331.6400000000014
1029	1678.1095000000028
103	174.1272499999984
1030	163.47624999999914
1031	587.2707499999995
1032	1258.3470000000013
1033	884.578249999998
1034	1852.4659999999974
1035	2062.658750000001
1036	287.0312500000003
1037	2047.4260000000056
1038	249.19374999999988
1039	299.04174999999975
104	110.78049999999774
1040	3224.2112500000007
1041	494.1127500000012
1042	495.758250000002
1043	361.55925
1044	626.3817500000017
1045	1275.9590000000069
1046	927.9904999999952
1047	1383.605250000002
1048	338.16874999999953
1049	1737.7575000000015
105	596.0975000000008
1050	1952.7887499999986
1051	3348.0610000000147
1052	648.5507499999991
1053	1359.445500000006
1054	2371.893750000011
1055	708.2740000000005
1056	251.2187499999996
1057	2544.9032500000017
1058	581.0362500000009
1059	607.5832500000027
106	84.32399999999795
1060	153.33174999999898
1061	1068.1977500000007
1062	2921.092999999986
1063	870.0117500000003
1064	3324.6019999999958
1065	1315.1627499999963
1066	1104.3382500000016
1067	281.42749999999944
1068	736.952250000006
1069	197.8984999999984
107	2843.4124999999913
1070	3512.4987500000025
1071	3231.1882499999997
1072	2548.695999999996
1073	3203.4364999999984
1074	787.2177499999982
1075	291.95149999999927
1076	276.50174999999996
1077	187.7419999999993
1078	404.97675000000254
1079	175.94024999999849
108	621.379750000001
1080	142.69049999999777
1081	528.0470000000009
1082	850.5665000000021
1083	875.784000000003
1084	3191.1102499999974
1085	2772.405000000006
1086	672.3064999999999
1087	366.6125000000032
1088	432.22625000000033
1089	2263.5589999999966
109	1767.18275
1090	2877.408249999999
1091	3745.625250000012
1092	2975.362249999997
1093	1232.8749999999982
1094	268.3097500000003
1095	682.5455000000009
1096	874.6702500000063
1097	678.7700000000025
1098	1282.0119999999963
1099	273.6799999999974
11	478.1137500000019
110	1096.66450000001
1100	680.6420000000033
1101	2724.0845000000018
1102	436.9507499999993
1103	793.0065000000016
1104	3748.4567500000244
1105	778.2699999999971
1106	365.4915000000006
1107	479.96150000000046
1108	2244.691000000009
1109	1289.1929999999954
111	502.38224999999943
1110	935.8852500000025
1111	759.435000000001
1112	440.7722499999975
1113	814.8264999999951
1114	2497.156249999995
1115	526.3690000000029
1116	2205.9427500000097
1117	583.6387500000003
1118	1240.5252500000026
1119	950.5942499999996
112	550.9917499999982
1120	459.126249999999
1121	577.7702499999995
1122	683.3990000000048
1123	2590.1412500000024
1124	945.3689999999991
1125	429.8927500000014
1126	468.352249999999
1127	1154.2460000000033
1128	313.4797500000014
113	2625.027249999994
114	297.3277499999985
115	1636.5215000000035
116	245.07749999999947
117	79.17324999999846
118	907.7119999999958
119	62.672249999998265
12	682.5427500000023
120	1383.3614999999984
121	2904.402749999998
122	2389.501250000009
123	265.630749999999
124	595.1075000000009
125	723.7154999999959
126	883.2707500000029
127	608.3717499999971
128	3237.691249999992
129	2226.8165000000004
13	1647.280750000004
130	397.64275000000197
131	347.46475000000066
132	2215.252750000007
133	1113.7189999999996
134	810.2365
135	998.5409999999974
136	294.8802500000017
137	1121.6404999999993
138	2300.501999999999
139	1035.2545000000027
14	168.95174999999875
140	1308.4379999999903
141	1771.4752500000047
142	286.9822500000001
143	2190.7995000000046
144	1388.9334999999985
145	1184.3772500000073
146	1700.3785000000034
147	265.26899999999927
148	509.2229999999976
149	1111.519499999997
15	61.29874999999819
150	586.6727499999984
151	488.7985000000005
152	869.2140000000013
153	980.0269999999991
154	2126.662000000007
155	1320.9680000000003
156	1090.0765000000013
157	596.7227500000012
158	321.6322499999993
159	352.27725
16	560.8162500000024
160	1472.8637500000068
161	233.71124999999967
162	2259.368249999982
163	311.999750000001
164	1987.2279999999998
165	645.1960000000064
166	363.35350000000165
167	1510.7002500000044
168	1453.7217500000042
169	4244.164750000002
17	205.58799999999957
170	1046.7719999999974
171	661.4915000000002
172	1622.4857499999948
173	797.1539999999999
174	199.46099999999865
175	1929.4232499999953
176	1669.059000000003
177	1249.689750000004
178	542.4775000000019
179	969.5957499999948
18	2700.5875000000015
180	426.3422500000007
181	799.0747500000047
182	852.1834999999993
183	1185.3007500000026
184	272.6730000000006
185	795.3067499999975
186	793.1314999999977
187	220.74349999999862
188	4681.798500000001
189	877.6727500000003
19	2755.8072499999985
190	639.9437500000001
191	1538.7010000000016
192	3001.364000000003
193	752.7377500000007
194	2116.2804999999908
195	3548.838250000001
196	1096.1877499999973
197	600.985000000001
198	991.966500000003
199	351.873250000002
2	472.87074999999896
20	2100.4904999999994
200	272.81449999999876
201	1266.363499999999
202	365.6074999999995
203	3381.6264999999844
204	1494.007500000003
205	261.0917499999997
206	411.67849999999953
207	168.62124999999844
208	427.3242499999987
209	369.35750000000024
21	3878.450999999998
210	182.91974999999803
211	352.24975000000023
212	3600.0734999999954
213	239.2807500000002
214	615.7870000000008
215	2029.0097500000008
216	2570.781249999996
217	303.41224999999895
218	1417.3254999999958
219	61.78474999999785
22	3378.9485000000027
220	3455.735000000008
221	1075.7530000000042
222	676.8732500000021
223	401.3770000000015
224	621.2387500000016
225	153.42574999999886
226	835.5504999999997
227	454.0122500000003
228	333.050999999999
229	1545.134499999994
23	1045.479500000002
230	2601.7664999999815
231	1214.3905
232	559.3975000000025
233	423.5629999999998
234	804.2212500000004
235	1804.5290000000068
236	1238.7190000000003
237	279.5617500000001
238	1323.1272499999948
239	484.5639999999998
24	319.0657499999988
240	3333.835249999998
241	1290.1037500000023
242	1596.5622500000025
243	1032.5530000000028
244	1935.7322499999966
245	608.4237500000036
246	450.78850000000136
247	556.9179999999999
248	520.9450000000006
249	634.0019999999984
25	1301.1835000000003
250	813.9549999999966
251	1582.9395000000036
252	721.9392499999981
253	975.5020000000018
254	255.889
255	2256.6944999999932
256	665.4752500000012
257	657.6275000000009
258	3315.3905000000036
259	1280.3472499999991
26	1426.8432500000006
260	1684.5202500000023
261	504.72724999999895
262	728.7725000000011
263	373.92149999999936
264	1078.715250000001
265	1174.4282500000022
266	2648.7040000000034
267	1362.2560000000035
268	1705.0807499999964
269	2468.352250000015
27	1209.6747499999963
270	4029.97200000003
271	501.8179999999999
272	2459.441750000004
273	280.98699999999866
274	1387.2307500000006
275	2784.930249999992
276	2872.941250000008
277	4056.7545000000005
278	1358.2325000000017
279	999.4937500000019
28	1498.9654999999989
280	443.049750000001
281	381.73225000000184
282	1548.540499999998
283	567.8419999999987
284	569.020500000002
285	1764.9657500000026
286	1475.7652499999958
287	1036.2172499999967
288	2518.8005000000044
289	1649.995500000005
29	2299.8969999999995
290	238.4982499999986
291	479.80450000000036
292	3130.1010000000047
293	743.7305000000008
294	1449.9400000000053
295	170.94674999999873
296	1170.523999999999
297	2238.8589999999995
298	972.8732499999977
299	3908.0689999999954
3	720.4967500000004
30	2384.8932500000064
300	896.7897499999997
301	599.2682500000002
302	5095.806000000005
303	897.4387500000026
304	668.0414999999983
305	1247.0885000000071
306	555.1962500000024
307	458.0327500000009
308	1484.6040000000019
309	651.6780000000003
31	277.31999999999874
310	252.06824999999907
311	1991.4242500000023
312	2065.208500000003
313	1330.950000000001
314	1900.3257499999945
315	828.0795000000038
316	639.096250000002
317	283.63274999999754
318	347.66474999999946
319	2216.055500000006
32	784.2980000000016
320	201.4409999999986
321	184.6812499999991
322	680.6615000000004
323	3748.527750000004
324	3108.675000000009
325	2244.2852500000126
326	1794.8499999999995
327	407.4302500000002
328	2807.1667499999962
329	885.9069999999997
33	1199.7567499999964
330	838.6739999999996
331	1149.0952500000037
332	847.4484999999992
333	1168.4472499999995
334	1321.5887500000063
335	2457.9032500000008
336	968.8084999999987
337	902.1887499999988
338	2208.171749999992
339	516.5002500000022
34	492.86099999999874
340	112.17199999999832
341	1465.5132500000052
342	284.64574999999985
343	585.9997500000007
344	1142.4714999999999
345	1163.219250000002
346	406.3094999999988
347	90.66249999999823
348	2243.343249999998
349	1094.6775000000002
35	470.7987499999981
350	1276.7237499999999
351	3410.7747500000046
352	353.5092500000006
353	1124.107750000002
354	1428.5109999999966
355	2719.2679999999923
356	3256.3022499999943
357	576.9755000000016
358	552.5109999999985
359	855.3977499999985
36	998.5500000000008
360	1672.574500000004
361	630.4632500000021
362	1820.5307499999985
363	390.6857499999992
364	2284.4159999999974
365	2870.428250000011
366	2592.8787499999958
367	1559.1767500000008
368	2737.0179999999914
369	554.2412499999997
37	757.7142500000009
370	1141.2644999999973
371	821.8787500000011
372	594.0567500000035
373	446.695749999998
374	3229.8015000000064
375	902.0867499999979
376	1995.9847500000012
377	1956.850249999998
378	3364.595249999999
379	1418.190500000005
38	199.11399999999978
380	630.7499999999992
381	946.9485000000038
382	2079.3557499999956
383	1013.8982500000003
384	485.0780000000001
385	552.5775000000001
386	843.51
387	2400.535749999997
388	2753.1724999999974
389	3118.5919999999996
39	256.4022500000004
390	1244.672000000001
391	1501.328750000006
392	121.47749999999841
393	1226.0799999999958
394	983.6867500000003
395	598.5442499999999
396	3229.476749999994
397	418.78350000000063
398	586.8732499999982
399	199.87724999999966
4	891.0782499999998
40	165.50674999999876
400	181.00424999999657
401	2198.438750000005
402	1616.846249999999
403	1240.3209999999942
404	243.59975000000034
405	684.4567499999993
406	2070.393500000001
407	625.8082500000011
408	541.3217500000023
409	854.5057500000016
41	168.79924999999926
410	892.190249999999
411	925.3550000000009
412	2603.7202499999953
413	574.3140000000008
414	2606.735000000008
415	3502.7515000000108
416	703.1344999999997
417	2021.985500000003
418	1300.5429999999944
419	990.9562500000011
42	489.91849999999994
420	1119.1817499999954
421	328.70950000000096
422	1472.9387499999964
423	1142.9577500000012
424	2658.868000000009
425	1011.4187500000008
426	1635.6519999999985
427	779.4077499999979
428	621.5810000000012
429	499.4417499999999
43	649.976749999999
430	483.4719999999989
431	527.6352500000033
432	614.04175
433	828.5217500000012
434	478.8979999999998
435	608.9132500000011
436	711.2794999999994
437	821.0094999999945
438	348.2860000000018
439	1863.9824999999998
44	514.6227500000023
440	713.8745000000038
441	460.8742499999996
442	1138.8395000000003
443	2489.5069999999973
444	315.05150000000026
445	4409.851000000004
446	2776.8072499999926
447	2564.329749999991
448	1908.225
449	1705.5155000000086
45	773.3472500000012
450	798.2432499999995
451	986.8310000000037
452	4729.731749999988
453	932.6787500000012
454	1437.7915000000057
455	2367.649499999998
456	508.6287499999967
457	769.5487500000002
458	1785.9307500000011
459	954.5745
46	2675.7990000000163
460	750.2235
461	842.7677500000024
462	855.0235000000024
463	1145.5745000000024
464	4429.749749999996
465	3589.5755000000067
466	1404.603249999997
467	1144.0997500000017
468	5185.66474999997
469	3215.8872500000025
47	200.2454999999994
470	982.9467500000012
471	1586.9879999999978
472	3529.1455000000115
473	1876.3647500000015
474	2761.183999999998
475	1926.995750000001
476	292.6597499999998
477	713.0379999999989
478	2186.7072499999967
479	689.1404999999995
48	781.3320000000011
480	228.84249999999983
481	2525.5482499999944
482	887.2050000000031
483	596.5942500000017
484	329.9015000000002
485	298.5602499999987
486	345.6250000000012
487	619.618999999999
488	266.74724999999916
489	44.088499999999634
49	2097.6295000000005
490	2742.647249999991
491	875.5562499999987
492	125.66099999999896
493	3372.9112499999965
494	408.2440000000002
495	459.0784999999988
496	1266.2525
497	1602.261000000005
498	796.5392500000008
499	383.19175000000166
5	1427.412499999995
50	1340.5497500000101
500	428.3257499999981
501	308.1512500000002
502	1074.3212500000006
503	1130.1915000000001
504	2079.111499999994
505	1608.0282500000008
506	408.6062499999999
507	949.1262500000007
508	1385.4607499999995
509	883.4012499999986
51	1589.4572500000038
510	1064.1024999999988
511	492.2395000000008
512	1352.5732499999988
513	544.5185000000022
514	334.1267500000004
515	296.6672499999988
516	1043.6687499999994
517	451.7412500000004
518	491.7080000000002
519	2685.49175000001
52	1453.383500000006
520	378.77099999999746
521	1354.2337499999994
522	1162.8235
523	436.0364999999987
524	2023.8130000000065
525	472.6620000000015
526	1769.191250000003
527	1416.649749999998
528	1524.6524999999986
529	2224.0984999999937
53	775.963750000003
530	880.7539999999996
531	2306.373499999996
532	1817.1137500000054
533	1449.4930000000024
534	236.90524999999855
535	1483.0445000000004
536	3445.356250000013
537	735.1880000000015
538	1154.9237499999963
539	434.33499999999935
54	1289.7737499999942
540	1878.4562500000034
541	156.1907499999988
542	118.55199999999803
543	1296.8935000000042
544	1249.3897500000016
545	1061.2437500000033
546	808.1627500000012
547	1959.991
548	2046.9577500000028
549	913.372249999997
55	1642.114999999994
550	1774.1030000000032
551	1564.2667499999968
552	594.4900000000005
553	3253.424250000013
554	3319.8697499999957
555	1585.540999999992
556	1149.5892499999993
557	2588.836749999997
558	1546.9365000000057
559	160.4754999999991
56	322.0317500000008
560	334.29125000000084
561	143.494749999998
562	794.0985000000027
563	483.26300000000094
564	1857.4869999999944
565	1700.0004999999985
566	1117.1862499999986
567	1302.2067500000003
568	1363.2799999999959
569	696.8565000000006
57	315.8269999999993
570	468.9974999999999
571	241.61249999999845
572	477.10750000000144
573	83.87849999999838
574	294.8800000000008
575	659.2517500000022
576	474.29950000000065
577	154.62224999999844
578	302.85075000000035
579	773.0937499999987
58	836.0485000000007
580	736.4574999999977
581	887.4982500000011
582	846.1227499999992
583	680.673000000003
584	780.0742500000019
585	3003.303000000013
586	1030.4214999999988
587	1257.3657500000018
588	1128.693249999996
589	1215.833750000004
59	1113.652750000001
590	203.1527499999988
591	211.47500000000008
592	594.9597500000012
593	116.06399999999675
594	1159.9760000000015
595	534.8817499999982
596	652.5824999999986
597	1040.7712500000016
598	723.5172499999982
599	495.51175000000137
6	946.290749999998
60	299.92499999999893
600	1821.6927499999974
601	3165.0359999999905
602	4011.335499999998
603	3163.417250000002
604	530.1450000000001
605	737.0682500000007
606	1334.917750000002
607	317.85474999999934
608	1427.1210000000035
609	2864.4667500000055
61	639.9857499999987
610	3335.062999999999
611	1302.813499999997
612	988.4052499999992
613	2017.760000000002
614	2498.3569999999936
615	882.7165000000014
616	1140.701999999998
617	492.5632500000005
618	774.9705000000049
619	1900.1647500000106
62	1276.8354999999979
620	1830.8542500000053
621	965.5457499999978
622	621.9665000000002
623	1053.5714999999961
624	828.3507500000001
625	2616.6092499999986
626	367.55374999999964
627	1973.7862500000035
628	463.37999999999937
629	1282.6682499999945
63	503.41099999999756
630	734.2937500000033
631	448.5807499999992
632	252.78274999999928
633	95.6752499999983
634	2170.3920000000007
635	319.431250000001
636	130.5452499999982
637	819.5619999999973
638	508.30299999999943
639	1460.749249999993
64	852.6990000000029
640	3999.7112500000244
641	2306.1470000000063
642	1466.2710000000045
643	1016.1115000000036
644	337.90525000000116
645	1939.3394999999987
646	5504.350250000009
647	441.1335000000019
648	372.7272500000016
649	444.9600000000005
65	359.9042499999991
650	387.805250000001
651	515.9327499999999
652	1183.5470000000093
653	323.9419999999994
654	406.65525
655	797.4069999999987
656	608.7270000000013
657	85.70374999999792
658	1169.3215000000002
659	322.47975000000014
66	435.86775000000193
660	1173.8095000000023
661	670.9180000000014
662	286.085000000001
663	1083.6179999999995
664	853.717249999995
665	164.93499999999875
666	1052.0375000000001
667	330.89125000000143
668	2274.516000000002
669	1574.5244999999975
67	1493.7869999999937
670	424.85024999999933
671	570.3047500000017
672	704.9799999999992
673	122.39874999999796
674	454.7177500000013
675	2360.4700000000053
676	479.3877499999997
677	607.0207499999971
678	190.3652499999988
679	2357.900250000002
68	491.98800000000153
680	175.69524999999848
681	488.52800000000013
682	2690.5424999999964
683	1364.1849999999965
684	1073.847999999997
685	448.42425000000185
686	889.8112499999961
687	690.6822499999986
688	788.5594999999989
689	1108.567999999996
69	394.8705000000006
690	1203.0142500000002
691	2886.1995000000225
692	280.4867499999996
693	263.2687500000002
694	2389.697250000004
695	304.3027499999997
696	526.9237500000004
697	566.5357499999992
698	137.61624999999853
699	115.8812499999986
7	637.4727500000022
70	1197.8572500000041
700	623.6362499999955
701	926.7667499999981
702	1809.305750000002
703	955.5569999999991
704	994.1629999999952
705	1167.6647500000063
706	179.40974999999818
707	782.8964999999997
708	387.8634999999986
709	1180.9657500000033
71	144.82449999999795
710	2550.2847499999943
711	838.3545000000005
712	768.9839999999975
713	403.17999999999984
714	827.4019999999987
715	1260.675749999994
716	495.75975000000227
717	2069.200499999988
718	514.5547499999986
719	3125.8314999999966
72	407.7055000000012
720	1158.7680000000048
721	975.0064999999961
722	280.7417499999992
723	287.3925000000014
724	289.4715000000001
725	945.9689999999956
726	2882.9719999999884
727	2473.0524999999984
728	984.5150000000003
729	1307.2022499999996
73	672.9492500000014
730	1508.1855000000069
731	2498.736500000004
732	1712.831000000006
733	2759.6027500000014
734	465.8979999999999
735	1685.3390000000004
736	221.7774999999988
737	840.1825000000023
738	144.84474999999847
739	1159.9240000000004
74	144.10574999999838
740	252.77749999999963
741	839.9232500000015
742	7583.605750000009
743	2496.82300000001
744	397.27475000000135
745	2464.5097499999974
746	1142.435249999995
747	2897.841000000008
748	532.4350000000017
749	1387.7660000000085
75	2254.3684999999955
750	3352.176500000002
751	638.8694999999989
752	1521.9132500000017
753	1734.5660000000064
754	270.54149999999976
755	578.5805000000018
756	904.6512499999978
757	405.6640000000024
758	1430.231500000003
759	2726.60975
76	1055.9444999999969
760	1447.7547500000046
761	2382.7287499999957
762	644.5699999999993
763	2295.839250000001
764	204.61074999999983
765	1729.8662499999969
766	1503.7287500000032
767	1947.6139999999966
768	1394.6549999999986
769	794.7924999999989
77	297.76149999999956
770	1157.409999999999
771	2653.5372499999994
772	282.802000000002
773	1036.5159999999978
774	1713.1487500000003
775	107.65924999999808
776	728.3547499999992
777	3642.3562500000003
778	902.8872499999987
779	1353.7964999999938
78	1049.5819999999944
780	1533.9632500000007
781	513.6177499999997
782	1498.123500000002
783	528.5665000000018
784	91.85374999999834
785	84.84674999999845
786	190.99549999999883
787	2780.6742500000087
788	1598.8755
789	1668.6324999999981
79	1913.3970000000043
790	988.5487500000002
791	1749.3509999999935
792	2450.2494999999994
793	664.9522500000023
794	741.9927499999977
795	594.1319999999986
796	1465.6904999999997
797	3229.815750000003
798	1280.7437499999994
799	742.9260000000023
8	1657.9024999999995
80	845.1487499999982
800	1349.4595000000015
801	3958.123750000003
802	624.26
803	617.8170000000039
804	850.4534999999953
805	608.5350000000024
806	2059.782999999994
807	3614.9682499999913
808	428.6955000000019
809	2023.3679999999956
81	1098.224499999996
810	252.36724999999853
811	421.8582499999984
812	912.3067500000022
813	1263.7897500000001
814	983.6060000000001
815	263.0247499999993
816	931.2480000000008
817	342.02050000000065
818	827.0692500000035
819	844.5480000000011
82	1854.9567499999907
820	431.53199999999765
821	655.2729999999979
822	1012.895250000003
823	2402.91250000001
824	1955.3787500000033
825	1838.353999999996
826	251.1002500000006
827	649.1065000000062
828	2006.4957499999994
829	3022.9912499999896
83	746.482750000001
830	2151.0549999999967
831	401.601
832	1108.6099999999974
833	1620.1382499999954
834	749.3332500000033
835	730.6315000000001
836	951.4820000000009
837	697.1947500000023
838	468.65400000000017
839	533.760500000001
84	471.53624999999965
840	1884.43925
841	1177.8345000000045
842	903.1484999999976
843	1103.389249999995
844	3664.9954999999886
845	2916.062750000008
846	2933.29025000001
847	852.7874999999967
848	297.4674999999992
849	1044.8585000000023
85	1241.996750000003
850	2810.042499999979
851	1215.8394999999994
852	1179.2239999999967
853	346.08624999999967
854	1764.892500000005
855	977.2319999999974
856	229.18874999999963
857	414.05824999999777
858	871.7347499999992
859	155.78024999999818
86	2806.787249999987
860	497.61550000000153
861	462.4142499999992
862	583.433250000001
863	2499.120750000007
864	2525.575000000005
865	1289.024500000003
866	296.6572499999972
867	4327.791749999984
868	404.26225000000005
869	781.4802500000025
87	788.6774999999974
870	2434.970749999996
871	1173.258500000003
872	1164.844749999999
873	309.7004999999992
874	1034.1504999999945
875	627.5702499999976
876	1176.4957500000012
877	1555.653500000002
878	2100.999500000005
879	760.292500000001
88	252.85874999999908
880	573.6304999999988
881	636.2462500000026
882	2006.5889999999927
883	1597.8610000000037
884	445.7659999999997
885	1340.7647500000048
886	2449.9579999999987
887	1190.5007499999956
888	856.7184999999985
889	1956.6197499999919
89	306.49399999999895
890	1506.999500000002
891	717.1890000000014
892	399.56500000000045
893	1025.269999999997
894	634.7805000000062
895	1330.9539999999936
896	827.3337499999977
897	2870.201500000005
898	1644.2092500000017
899	1416.6977500000096
9	1158.6622499999967
90	715.7965000000033
900	1728.2035000000035
901	921.2077500000053
902	1139.2769999999969
903	1187.5582499999941
904	1547.6642500000005
905	877.796999999999
906	393.1590000000009
907	1299.1610000000048
908	1112.5562500000021
909	845.7287499999996
91	308.229250000001
910	2672.1142499999955
911	2869.6809999999955
912	192.0034999999987
913	2248.35524999999
914	331.26775
915	822.349250000004
916	368.5357499999996
917	304.5547500000016
918	979.3205000000047
919	2299.5992499999966
92	248.72249999999912
920	2410.637749999988
921	1506.7052500000002
922	811.2052500000034
923	640.622250000003
924	242.83224999999982
925	396.17974999999916
926	2111.441999999999
927	527.901
928	457.1844999999994
929	1215.0927499999998
93	796.2950000000016
930	959.8124999999994
931	1974.989749999997
932	860.5939999999994
933	3052.072500000023
934	382.0385
935	187.6362499999982
936	3500.016749999974
937	2229.839999999991
938	209.54849999999965
939	196.49399999999866
94	2119.5062500000004
940	201.5104999999993
941	673.9202499999989
942	710.9267499999994
943	604.3329999999999
944	356.784999999999
945	688.735750000001
946	206.77574999999948
947	473.3314999999995
948	929.9267500000008
949	487.00625000000315
95	1024.5044999999996
950	1494.266250000002
951	2499.12975
952	777.8057499999977
953	840.2717499999983
954	205.2504999999992
955	765.1452499999981
956	2053.5442500000063
957	216.7322499999998
958	717.196999999999
959	648.6527499999993
96	1185.0985000000005
960	907.5580000000008
961	1530.383250000001
962	290.51800000000173
963	930.6647500000034
964	134.57799999999887
965	137.8897499999987
966	614.824249999997
967	2679.0707500000062
968	1424.4027499999972
969	627.1717500000022
97	1832.3982499999988
970	298.712249999998
971	4433.290499999984
972	4655.659250000006
973	529.2004999999998
974	1093.8985000000027
975	253.2294999999995
976	112.82249999999826
977	1676.253500000002
978	1046.4225
979	1159.006000000003
98	1328.995750000001
980	1353.6755000000064
981	2123.2447499999935
982	3294.7792500000132
983	431.00175000000246
984	1285.8192499999986
985	876.5224999999948
986	1008.066249999997
987	864.9287500000014
988	543.7237499999991
989	759.2579999999984
99	2379.6614999999993
990	1577.2880000000007
991	1177.2892499999994
992	3376.815500000015
993	225.21699999999925
994	812.4052499999968
995	2439.394999999999
996	1310.246500000003
997	1705.142250000004
998	1901.7922500000045
999	3389.3332500000047
